
                                     PARAMETERS LEARNED for M = 10                                      
--------------------------------------------------------------------------------------------------------
        Theta0    Theta1    Theta2    Theta3    Theta4    Theta5    Theta6    Theta7    Theta8    Theta9
Deg1  1.584916 -2.628819       NaN       NaN       NaN       NaN       NaN       NaN       NaN       NaN
Deg2  1.518822 -2.599148  0.105958       NaN       NaN       NaN       NaN       NaN       NaN       NaN
Deg3  1.761749 -3.240847 -1.091926  1.906344       NaN       NaN       NaN       NaN       NaN       NaN
Deg4  1.931573 -3.312810 -1.915581  0.469712  2.522059       NaN       NaN       NaN       NaN       NaN
Deg5  1.963871 -3.016577 -2.212466 -0.406438  1.211748  2.428019       NaN       NaN       NaN       NaN
Deg6  1.921506 -2.650838 -2.223703 -0.842356  0.438882  1.412108  2.094770       NaN       NaN       NaN
Deg7  1.859559 -2.344574 -2.134988 -1.033634  0.013943  0.811872  1.368693  1.736433       NaN       NaN
Deg8  1.802355 -2.120654 -2.029984 -1.105174 -0.212744  0.464110  0.930415  1.231898  1.414023       NaN
Deg9  1.756677 -1.967280 -1.937660 -1.121014 -0.329368  0.265190  0.667226  0.919466  1.064252  1.134944

      VARIATION OF ERRORS WITH FEATURES, M=10      
---------------------------------------------------
          Training Error  Testing Error  Difference
Features                                           
2               0.118989       0.251876    0.132886
3               0.117637       0.218106    0.100469
4               0.073169       0.318280    0.245111
5               0.035268       0.415859    0.380591
6               0.018994       0.448499    0.429505
7               0.013497       0.436724    0.423227
8               0.011891       0.411889    0.399998
9               0.011903       0.388852    0.376949
10              0.012713       0.371470    0.358757
