
                                     PARAMETERS LEARNED for M = 10                                      
--------------------------------------------------------------------------------------------------------
        Theta0    Theta1    Theta2    Theta3    Theta4    Theta5    Theta6    Theta7    Theta8  Theta9
Deg1  1.238741 -2.477459       NaN       NaN       NaN       NaN       NaN       NaN       NaN     NaN
Deg2  0.988611 -0.219960 -2.872931       NaN       NaN       NaN       NaN       NaN       NaN     NaN
Deg3  0.884004  0.212211 -2.059087 -1.770108       NaN       NaN       NaN       NaN       NaN     NaN
Deg4  0.855627  0.259133 -1.835286 -1.499558 -0.839876       NaN       NaN       NaN       NaN     NaN
Deg5  0.853352  0.237058 -1.791727 -1.427969 -0.761182 -0.255234       NaN       NaN       NaN     NaN
Deg6  0.857570  0.214769 -1.797639 -1.422799 -0.750411 -0.242368  0.068863       NaN       NaN     NaN
Deg7  0.862125  0.202038 -1.812726 -1.436123 -0.761260 -0.251007  0.062071  0.229067       NaN     NaN
Deg8  0.865582  0.196570 -1.826106 -1.451652 -0.776367 -0.264663  0.050224  0.219065  0.293813     NaN
Deg9  0.867925  0.195069 -1.835804 -1.464618 -0.789913 -0.277393  0.038878  0.209282  0.285537  0.3057

      VARIATION OF ERRORS WITH FEATURES, M=10      
---------------------------------------------------
          Training Error  Testing Error  Difference
Features                                           
2               0.158756       0.000925   -0.157831
3               0.104686       0.004992   -0.099695
4               0.096241       0.011002   -0.085239
5               0.097738       0.014664   -0.083074
6               0.098950       0.015446   -0.083503
7               0.098793       0.014846   -0.083948
8               0.097904       0.013920   -0.083985
9               0.096834       0.013093   -0.083741
10              0.095856       0.012468   -0.083389
