
                                PARAMETERS LEARNED for M=10, Alpha=0.05                                 
--------------------------------------------------------------------------------------------------------
        Theta0    Theta1    Theta2    Theta3    Theta4    Theta5    Theta6    Theta7    Theta8    Theta9
Deg1  0.646780 -0.983800       NaN       NaN       NaN       NaN       NaN       NaN       NaN       NaN
Deg2  0.520339  1.225266 -2.927936       NaN       NaN       NaN       NaN       NaN       NaN       NaN
Deg3  0.452206  1.763698 -1.679159 -2.360292       NaN       NaN       NaN       NaN       NaN       NaN
Deg4  0.422790  1.884796 -1.150300 -1.749608 -1.715103       NaN       NaN       NaN       NaN       NaN
Deg5  0.409341  1.907858 -0.897208 -1.443724 -1.420850 -1.263946       NaN       NaN       NaN       NaN
Deg6  0.402528  1.908004 -0.761390 -1.274744 -1.256846 -1.116860 -0.961627       NaN       NaN       NaN
Deg7  0.398738  1.903577 -0.681891 -1.174037 -1.158556 -1.028535 -0.884801 -0.753143       NaN       NaN
Deg8  0.396470  1.899071 -0.632395 -1.110659 -1.096461 -0.972655 -0.836205 -0.711483 -0.603132       NaN
Deg9  0.395039  1.895425 -0.600230 -1.069178 -1.055788 -0.936003 -0.804308 -0.684120 -0.579854 -0.490898

VARIATION OF ERRORS WITH FEATURES; M=10, Alpha=0.05
---------------------------------------------------
          Training Error  Testing Error  Difference
Features                                           
2               0.279811       0.152451   -0.127360
3               0.120053       0.068766   -0.051286
4               0.072385       0.047888   -0.024497
5               0.061179       0.043854   -0.017325
6               0.058575       0.043413   -0.015163
7               0.058067       0.043672   -0.014395
8               0.058081       0.043999   -0.014082
9               0.058205       0.044268   -0.013937
10              0.058331       0.044468   -0.013864

                                PARAMETERS LEARNED for M=100, Alpha=0.05                                
--------------------------------------------------------------------------------------------------------
        Theta0    Theta1    Theta2    Theta3    Theta4    Theta5    Theta6    Theta7    Theta8    Theta9
Deg1  1.323405 -2.230495       NaN       NaN       NaN       NaN       NaN       NaN       NaN       NaN
Deg2  1.199365 -1.670333 -0.477235       NaN       NaN       NaN       NaN       NaN       NaN       NaN
Deg3  1.303811 -2.005066 -1.024934  0.972853       NaN       NaN       NaN       NaN       NaN       NaN
Deg4  1.398703 -2.080625 -1.564278  0.130252  1.651511       NaN       NaN       NaN       NaN       NaN
Deg5  1.431779 -1.936858 -1.839311 -0.477011  0.826900  1.807527       NaN       NaN       NaN       NaN
Deg6  1.422595 -1.725011 -1.922969 -0.834791  0.272340  1.122064  1.712949       NaN       NaN       NaN
Deg7  1.395623 -1.527311 -1.910080 -1.022085 -0.070527  0.668412  1.183831  1.521659       NaN       NaN
Deg8  1.365297 -1.370625 -1.859445 -1.108478 -0.271976  0.379982  0.832515  1.126201  1.304430       NaN
Deg9  1.338007 -1.256628 -1.800474 -1.139184 -0.384476  0.201923  0.604491  0.861118  1.012502  1.091007

VARIATION OF ERRORS WITH FEATURES; M=100, Alpha=0.05
---------------------------------------------------
          Training Error  Testing Error  Difference
Features                                           
2               0.203452       0.147539   -0.055913
3               0.211188       0.147146   -0.064042
4               0.184060       0.135299   -0.048761
5               0.145201       0.120457   -0.024743
6               0.115884       0.107849   -0.008035
7               0.097401       0.097302   -0.000099
8               0.086708       0.089523    0.002815
9               0.081242       0.084773    0.003531
10              0.079153       0.082519    0.003366

                               PARAMETERS LEARNED for M=1000, Alpha=0.05                                
--------------------------------------------------------------------------------------------------------
        Theta0    Theta1    Theta2    Theta3    Theta4    Theta5    Theta6    Theta7    Theta8    Theta9
Deg1  1.026663 -1.744031       NaN       NaN       NaN       NaN       NaN       NaN       NaN       NaN
Deg2  0.908511 -1.062320 -0.664789       NaN       NaN       NaN       NaN       NaN       NaN       NaN
Deg3  0.971929 -1.277625 -1.024402  0.649494       NaN       NaN       NaN       NaN       NaN       NaN
Deg4  1.037060 -1.285398 -1.478865 -0.082782  1.351369       NaN       NaN       NaN       NaN       NaN
Deg5  1.059565 -1.122250 -1.727145 -0.639293  0.593233  1.595536       NaN       NaN       NaN       NaN
Deg6  1.051514 -0.915960 -1.808655 -0.977167  0.068214  0.939944  1.590867       NaN       NaN       NaN
Deg7  1.029856 -0.732315 -1.798555 -1.155003 -0.261549  0.495576  1.062132  1.465460       NaN       NaN
Deg8  1.005259 -0.591533 -1.748760 -1.233009 -0.454237  0.210061  0.704200  1.051935  1.288708       NaN
Deg9  0.982899 -0.493162 -1.688097 -1.254138 -0.557918  0.034867  0.470252  0.770876  0.970290  1.097368

VARIATION OF ERRORS WITH FEATURES; M=1000, Alpha=0.05
---------------------------------------------------
          Training Error  Testing Error  Difference
Features                                           
2               0.226657       0.196613   -0.030044
3               0.228062       0.198183   -0.029879
4               0.214748       0.186510   -0.028238
5               0.185423       0.160994   -0.024428
6               0.156273       0.135347   -0.020926
7               0.133550       0.115050   -0.018500
8               0.118349       0.101370   -0.016979
9               0.109614       0.093554   -0.016060
10              0.105586       0.090075   -0.015511

                               PARAMETERS LEARNED for M=10000, Alpha=0.05                               
--------------------------------------------------------------------------------------------------------
        Theta0    Theta1    Theta2    Theta3    Theta4    Theta5    Theta6    Theta7    Theta8  Theta9
Deg1  1.090815 -1.901019       NaN       NaN       NaN       NaN       NaN       NaN       NaN     NaN
Deg2  0.964989 -1.188814 -0.690144       NaN       NaN       NaN       NaN       NaN       NaN     NaN
Deg3  1.026266 -1.409176 -1.016382  0.627032       NaN       NaN       NaN       NaN       NaN     NaN
Deg4  1.093391 -1.442087 -1.451192 -0.053013  1.322269       NaN       NaN       NaN       NaN     NaN
Deg5  1.119416 -1.302337 -1.695830 -0.581113  0.614192  1.561557       NaN       NaN       NaN     NaN
Deg6  1.114520 -1.110997 -1.781628 -0.908020  0.116371  0.948863  1.556594       NaN       NaN     NaN
Deg7  1.095099 -0.934563 -1.778492 -1.084926 -0.201398  0.528421  1.063539  1.435418       NaN     NaN
Deg8  1.071844 -0.795552 -1.735667 -1.166895 -0.391130  0.254323  0.725838  1.050792  1.265830     NaN
Deg9  1.050106 -0.695632 -1.680766 -1.193746 -0.496612  0.082922  0.501959  0.786186  0.970086  1.0827

VARIATION OF ERRORS WITH FEATURES; M=10000, Alpha=0.05
---------------------------------------------------
          Training Error  Testing Error  Difference
Features                                           
2               0.207089       0.213924    0.006835
3               0.209700       0.216959    0.007260
4               0.196842       0.203309    0.006467
5               0.169224       0.174316    0.005091
6               0.142529       0.146461    0.003932
7               0.122012       0.125224    0.003212
8               0.108252       0.111122    0.002870
9               0.100198       0.102990    0.002792
10              0.096328       0.099205    0.002877
